ISS (ZARYA)             
1 25544U 98067A   25148.17144067  .00010950  00000+0  20102-3 0  9992
2 25544  51.6387  46.2443 0002189 151.9621 338.9406 15.49791589512054
CSS (TIANHE)            
1 48274U 21035A   25148.19952491  .00019395  00000+0  25390-3 0  9994
2 48274  41.4635 141.8862 0007808 314.8427  45.1776 15.58108563233035
ISS (NAUKA)             
1 49044U 21066A   25147.89008444  .00010590  00000+0  19474-3 0  9994
2 49044  51.6370  47.6442 0001998 157.3736 202.7341 15.49784619217701
FREGAT DEB              
1 49271U 11037PF  25139.04138472  .00014961  00000+0  36540-1 0  9993
2 49271  51.6315  92.6347 0869949 128.5677 239.6424 12.28834273176327
CSS (WENTIAN)           
1 53239U 22085A   25147.87882501  .00014641  00000+0  18737-3 0  9991
2 53239  41.4634 143.8233 0003936 305.2482  54.7987 15.58896644 11070
CSS (MENGTIAN)          
1 54216U 22143A   25147.87882501  .00014641  00000+0  18737-3 0  9992
2 54216  41.4634 143.8233 0003936 305.2482  54.7987 15.58896644117983
TIANZHOU-8              
1 61983U 24211A   25147.87882501  .00014641  00000+0  18737-3 0  9999
2 61983  41.4634 143.8233 0003936 305.2482  54.7987 15.58896644  3829
PROGRESS-MS 29          
1 62030U 24215A   25147.89008444  .00010590  00000+0  19474-3 0  9993
2 62030  51.6370  47.6442 0001998 157.3736 202.7341 15.49784619    82
PROGRESS-MS 30          
1 63129U 25041B   25147.89008444  .00010590  00000+0  19474-3 0  9991
2 63129  51.6370  47.6442 0001998 157.3736 202.7341 15.49784619    71
CREW DRAGON 10          
1 63204U 25049A   25147.89008444  .00010590  00000+0  19474-3 0  9993
2 63204  51.6370  47.6442 0001998 157.3736 202.7341 15.49784619  9849
SOYUZ-MS 27             
1 63520U 25072A   25147.89008444  .00010590  00000+0  19474-3 0  9990
2 63520  51.6370  47.6442 0001998 157.3736 202.7341 15.49784619  2483
SHENZHOU-20 (SZ-20)     
1 63632U 25082A   25147.87882501  .00014641  00000+0  18737-3 0  9999
2 63632  41.4634 143.8233 0003936 305.2482  54.7987 15.58896644232040
